-13.3215
-37.8203
-50.4485
-50.6664
-50.6448
-50.7526
-51.0823
-51.1804
-51.3559
-51.0036
-50.9363
-51.3981
-48.9899
-47.6658
-48.3312
-30.4716
-30.1016
-40.1619
-47.2475
-46.7247
-47.6826
-47.1781
-46.5228
-47.8642
-47.6218
-46.9824
-45.0904
-33.7047
-33.725
-45.3847
-44.9011
-44.8698
-40.3403
-12.6432
-12.6376
-36.6011
-39.9168
-40.3559
-29.4498
-26.7384
-29.2818
-37.2134
-39.0781
-17.2006
-6.94212
-3.59328
-3.32739
-3.91709
-5.39109
-8.26929
-7.79766
-6.32295
-8.39756
-15.5045
-20.0816
-20.1646
-3.28623
0.728185
0.450295
0.400722
4.51104
7.10665
6.83076
4.34596
0.166518
-7.06777
-8.23901
-4.13221
-1.68281
-2.10553
-5.01438
-11.6706
-34.0264
-40.0278
-13.5855
-9.17219
-5.00667
0.133606
2.58253
2.55127
-0.461758
-6.05888
-4.75851
-6.04691
-12.4687
-14.9241
-14.5527
-14.3093
-14.8766
-15.9711
-13.5782
-13.5172
-3.43373
1.3432
2.27416
0.0484882
-2.81031
0.441797
3.77557
5.65014
5.99558
5.16557
4.43052
3.457
0.705693
-4.23019
-4.53605
-2.83126
-4.03165
-5.64659
-6.28357
-5.89972
-5.80258
-3.74444
-1.70976
-1.56754
-3.31274
-6.67968
-8.88314
-5.91314
-2.62112
-0.714852
-0.0710731
0.164311
-0.0201786
-0.697705
-0.644704
-0.0505386
0.202563
-1.04077
-3.34747
-5.10708
-5.44044
-4.76753
-5.11888
-6.47389
-9.91261
-7.5886
-6.39559
-10.5306
-16.0388
-17.7412
-18.9344
-16.5161
-12.9376
-9.70706
-7.60563
-6.37847
-6.07833
-6.18977
-5.98242
-5.20558
-5.24489
-6.74135
-8.78957
-11.5087
-14.818
-19.2253
-24.7908
-29.7462
-31.9456
-33.0003
-35.5747
-37.7654
-39.9665
-43.545
-46.0372
-48.6111
-49.098
-50.0298
-49.9077
-48.6037
-48.7864
-50.3448
-49.2998
-47.1636
-47.5605
-49.8479
-49.8269
-49.8777
-44.3409
-44.2874
-50.2354
-50.1773
-50.1017
-50.7574
-50.8553
-50.9363
-51.5094
-51.6473
-50.8039
-50.8514
-50.8278
-49.5656
-49.3333
-49.71
-49.3962
-49.0344
