0.99243
0.955121
0.361318
0.327144
0.287921
0.229261
0.223922
0.241872
0.193306
0.277634
0.357597
0.339244
0.555761
0.615703
0.519723
0.901368
0.90445
0.884112
0.647477
0.634496
0.57931
0.397072
0.434844
0.552398
0.591727
0.636326
0.75757
-0.562839
-0.568211
0.768664
0.545902
0.56205
0.509795
0.0386638
0.0396495
0.727913
0.926341
0.881721
0.959021
0.99023
0.965303
0.949354
0.939202
0.592579
0.818475
0.857445
0.89802
0.953112
0.957927
0.635035
-0.411064
-0.701046
-0.671203
-0.260774
0.05115
-0.0563393
0.948453
0.970443
0.968774
0.971399
0.977921
0.97474
0.970074
0.955342
0.950867
0.970445
0.961072
0.903111
0.863447
0.830928
0.814079
0.811335
0.863029
0.819136
0.769121
0.708539
0.878907
0.946943
0.939883
0.947756
0.949547
0.655623
0.321034
0.289891
0.307876
-0.113179
-0.376138
-0.505605
-0.541705
-0.453557
0.295412
0.634891
0.968731
0.971654
0.971549
0.964559
0.619001
0.299284
0.1941
0.0796994
0.0271376
-0.00181119
-0.00367212
0.112258
0.247579
0.398487
0.925983
0.928891
0.941385
0.984865
0.993192
0.996299
0.99385
0.974535
0.969792
0.97793
0.980566
0.987603
0.987594
0.979756
0.972438
0.966486
0.959719
0.95785
0.95793
0.952177
0.950498
0.94864
0.954359
0.957496
0.966873
0.978336
0.99452
0.994208
0.997179
0.9948
0.99656
0.227861
0.181263
0.32501
0.592661
0.596235
0.622753
0.746388
0.87019
0.954647
0.955763
0.929837
0.911236
0.908332
0.924352
0.936004
0.939386
0.949194
0.958366
0.970302
0.972249
0.955218
0.891681
0.741753
0.762092
0.83898
0.85676
0.868318
0.869516
0.797274
0.686736
0.520225
0.523835
0.42817
0.394967
0.541833
0.5337
0.347046
0.432387
0.633482
0.586245
0.335612
0.415071
0.429011
0.423999
0.417581
0.339986
0.348273
0.400801
0.393392
0.338512
0.320855
0.263415
0.328525
0.429116
0.391457
0.372887
0.448976
0.425833
0.379476
0.442824
0.494818
