-13.3215	0.99243	0.669534
-37.8203	0.955121	0.644022
-50.4485	0.361318	0.160884
-50.6664	0.327144	0.238545
-50.6448	0.287921	0.160977
-50.7526	0.229261	0.123048
-51.0823	0.223922	0.119489
-51.1804	0.241872	0.134197
-51.3559	0.193306	0.109952
-51.0036	0.277634	0.0998592
-50.9363	0.357597	0.0822646
-51.3981	0.339244	0.147263
-48.9899	0.555761	0.131449
-47.6658	0.615703	0.183416
-48.3312	0.519723	0.149607
-30.4716	0.901368	0.37326
-30.1016	0.90445	0.490177
-40.1619	0.884112	0.202794
-47.2475	0.647477	0.208381
-46.7247	0.634496	0.436345
-47.6826	0.57931	0.419816
-47.1781	0.397072	0.257599
-46.5228	0.434844	0.255228
-47.8642	0.552398	0.135266
-47.6218	0.591727	0.148874
-46.9824	0.636326	0.0888383
-45.0904	0.75757	0.138957
-33.7047	-0.562839	0.0555749
-33.725	-0.568211	0.0487978
-45.3847	0.768664	0.265961
-44.9011	0.545902	0.286553
-44.8698	0.56205	0.221162
-40.3403	0.509795	0.129652
-12.6432	0.0386638	0.0632986
-12.6376	0.0396495	0.0628987
-36.6011	0.727913	0.227807
-39.9168	0.926341	0.358648
-40.3559	0.881721	0.146148
-29.4498	0.959021	0.145396
-26.7384	0.99023	0.225686
-29.2818	0.965303	0.390458
-37.2134	0.949354	0.492876
-39.0781	0.939202	0.530719
-17.2006	0.592579	0.326293
-6.94212	0.818475	0.278799
-3.59328	0.857445	0.47648
-3.32739	0.89802	0.753592
-3.91709	0.953112	0.844386
-5.39109	0.957927	0.830305
-8.26929	0.635035	0.650884
-7.79766	-0.411064	0.251485
-6.32295	-0.701046	0.205336
-8.39756	-0.671203	0.224075
-15.5045	-0.260774	0.107099
-20.0816	0.05115	0.129073
-20.1646	-0.0563393	0.108716
-3.28623	0.948453	0.627638
0.728185	0.970443	0.863144
0.450295	0.968774	0.835486
0.400722	0.971399	0.835229
4.51104	0.977921	0.841053
7.10665	0.97474	0.899488
6.83076	0.970074	0.869124
4.34596	0.955342	0.855583
0.166518	0.950867	0.784621
-7.06777	0.970445	0.743321
-8.23901	0.961072	0.819309
-4.13221	0.903111	0.769623
-1.68281	0.863447	0.83224
-2.10553	0.830928	0.80381
-5.01438	0.814079	0.659543
-11.6706	0.811335	0.470182
-34.0264	0.863029	0.400194
-40.0278	0.819136	0.612627
-13.5855	0.769121	0.262986
-9.17219	0.708539	0.248936
-5.00667	0.878907	0.36138
0.133606	0.946943	0.782218
2.58253	0.939883	0.869865
2.55127	0.947756	0.864781
-0.461758	0.949547	0.797521
-6.05888	0.655623	0.224213
-4.75851	0.321034	0.260656
-6.04691	0.289891	0.239284
-12.4687	0.307876	0.160099
-14.9241	-0.113179	0.13539
-14.5527	-0.376138	0.139948
-14.3093	-0.505605	0.214073
-14.8766	-0.541705	0.149085
-15.9711	-0.453557	0.194979
-13.5782	0.295412	0.194479
-13.5172	0.634891	0.182413
-3.43373	0.968731	0.645429
1.3432	0.971654	0.862514
2.27416	0.971549	0.881689
0.0484882	0.964559	0.851763
-2.81031	0.619001	0.372301
0.441797	0.299284	0.209038
3.77557	0.1941	0.2233
5.65014	0.0796994	0.229478
5.99558	0.0271376	0.18551
5.16557	-0.00181119	0.155408
4.43052	-0.00367212	0.139168
3.457	0.112258	0.166887
0.705693	0.247579	0.175307
-4.23019	0.398487	0.203847
-4.53605	0.925983	0.684091
-2.83126	0.928891	0.737499
-4.03165	0.941385	0.750115
-5.64659	0.984865	0.817505
-6.28357	0.993192	0.847809
-5.89972	0.996299	0.850193
-5.80258	0.99385	0.851108
-3.74444	0.974535	0.712251
-1.70976	0.969792	0.786188
-1.56754	0.97793	0.84884
-3.31274	0.980566	0.824904
-6.67968	0.987603	0.800021
-8.88314	0.987594	0.800681
-5.91314	0.979756	0.760786
-2.62112	0.972438	0.815693
-0.714852	0.966486	0.792401
-0.0710731	0.959719	0.788452
0.164311	0.95785	0.817849
-0.0201786	0.95793	0.827896
-0.697705	0.952177	0.81634
-0.644704	0.950498	0.807595
-0.0505386	0.94864	0.816146
0.202563	0.954359	0.840052
-1.04077	0.957496	0.811958
-3.34747	0.966873	0.809935
-5.10708	0.978336	0.807398
-5.44044	0.99452	0.785304
-4.76753	0.994208	0.856889
-5.11888	0.997179	0.848559
-6.47389	0.9948	0.854385
-9.91261	0.99656	0.806302
-7.5886	0.227861	0.162207
-6.39559	0.181263	0.163917
-10.5306	0.32501	0.196104
-16.0388	0.592661	0.25525
-17.7412	0.596235	0.226963
-18.9344	0.622753	0.201226
-16.5161	0.746388	0.472032
-12.9376	0.87019	0.628977
-9.70706	0.954647	0.721039
-7.60563	0.955763	0.807229
-6.37847	0.929837	0.825339
-6.07833	0.911236	0.805648
-6.18977	0.908332	0.807093
-5.98242	0.924352	0.803928
-5.20558	0.936004	0.810983
-5.24489	0.939386	0.819836
-6.74135	0.949194	0.816341
-8.78957	0.958366	0.79684
-11.5087	0.970302	0.778094
-14.818	0.972249	0.790205
-19.2253	0.955218	0.723265
-24.7908	0.891681	0.516228
-29.7462	0.741753	0.31476
-31.9456	0.762092	0.243241
-33.0003	0.83898	0.476406
-35.5747	0.85676	0.326173
-37.7654	0.868318	0.368145
-39.9665	0.869516	0.204288
-43.545	0.797274	0.213934
-46.0372	0.686736	0.185259
-48.6111	0.520225	0.135281
-49.098	0.523835	0.164422
-50.0298	0.42817	0.136347
-49.9077	0.394967	0.120897
-48.6037	0.541833	0.220204
-48.7864	0.5337	0.208818
-50.3448	0.347046	0.173422
-49.2998	0.432387	0.211477
-47.1636	0.633482	0.396762
-47.5605	0.586245	0.411896
-49.8479	0.335612	0.142446
-49.8269	0.415071	0.131287
-49.8777	0.429011	0.217222
-44.3409	0.423999	0.111136
-44.2874	0.417581	0.129621
-50.2354	0.339986	0.108347
-50.1773	0.348273	0.096721
-50.1017	0.400801	0.184193
-50.7574	0.393392	0.193813
-50.8553	0.338512	0.144364
-50.9363	0.320855	0.153091
-51.5094	0.263415	0.0984839
-51.6473	0.328525	0.159907
-50.8039	0.429116	0.169674
-50.8514	0.391457	0.150465
-50.8278	0.372887	0.107618
-49.5656	0.448976	0.160108
-49.3333	0.425833	0.188274
-49.71	0.379476	0.159944
-49.3962	0.442824	0.192317
-49.0344	0.494818	0.199389
