0.669534
0.644022
0.160884
0.238545
0.160977
0.123048
0.119489
0.134197
0.109952
0.0998592
0.0822646
0.147263
0.131449
0.183416
0.149607
0.37326
0.490177
0.202794
0.208381
0.436345
0.419816
0.257599
0.255228
0.135266
0.148874
0.0888383
0.138957
0.0555749
0.0487978
0.265961
0.286553
0.221162
0.129652
0.0632986
0.0628987
0.227807
0.358648
0.146148
0.145396
0.225686
0.390458
0.492876
0.530719
0.326293
0.278799
0.47648
0.753592
0.844386
0.830305
0.650884
0.251485
0.205336
0.224075
0.107099
0.129073
0.108716
0.627638
0.863144
0.835486
0.835229
0.841053
0.899488
0.869124
0.855583
0.784621
0.743321
0.819309
0.769623
0.83224
0.80381
0.659543
0.470182
0.400194
0.612627
0.262986
0.248936
0.36138
0.782218
0.869865
0.864781
0.797521
0.224213
0.260656
0.239284
0.160099
0.13539
0.139948
0.214073
0.149085
0.194979
0.194479
0.182413
0.645429
0.862514
0.881689
0.851763
0.372301
0.209038
0.2233
0.229478
0.18551
0.155408
0.139168
0.166887
0.175307
0.203847
0.684091
0.737499
0.750115
0.817505
0.847809
0.850193
0.851108
0.712251
0.786188
0.84884
0.824904
0.800021
0.800681
0.760786
0.815693
0.792401
0.788452
0.817849
0.827896
0.81634
0.807595
0.816146
0.840052
0.811958
0.809935
0.807398
0.785304
0.856889
0.848559
0.854385
0.806302
0.162207
0.163917
0.196104
0.25525
0.226963
0.201226
0.472032
0.628977
0.721039
0.807229
0.825339
0.805648
0.807093
0.803928
0.810983
0.819836
0.816341
0.79684
0.778094
0.790205
0.723265
0.516228
0.31476
0.243241
0.476406
0.326173
0.368145
0.204288
0.213934
0.185259
0.135281
0.164422
0.136347
0.120897
0.220204
0.208818
0.173422
0.211477
0.396762
0.411896
0.142446
0.131287
0.217222
0.111136
0.129621
0.108347
0.096721
0.184193
0.193813
0.144364
0.153091
0.0984839
0.159907
0.169674
0.150465
0.107618
0.160108
0.188274
0.159944
0.192317
0.199389
